Задание 3

Исходный массив: 63, 46, -30, -36, 25, 99, -24, 99, 96, 51, 20, 14, 77, -18, 100, -31, -7, 68, 97, -43, 4, 86, -30, 12, 33, -43, 64, 73, -24, 34, 13, -15, 83, -11, 75, 13, -37, -9, -45, 39, 43, -15, -2, 66, -5, 40, 97, 48, 77, -25, -1, 37, 63, 18, -18, -6, 32, -27, -2, -45, -35, -15, 16, 82, 8, 82, -18, 38, -1, -50, 12, -33, -27, -1, -37, 83, 94, 78, -49, -45, 63, 59, 20, 73, 81, -3, 77, -30, 83, 27, -10, 55, 79, 100, 24, 34, -1, 32, 10, 35

Задание 3а: простые числа в квадрате
Результат: 63, 46, -30, -36, 25, 99, -24, 99, 96, 51, 20, 14, 77, -18, 100, -31, -7, 68, 9409, -43, 4, 86, -30, 12, 33, -43, 64, 5329, -24, 34, 169, -15, 6889, -11, 75, 169, -37, -9, -45, 39, 1849, -15, -2, 66, -5, 40, 9409, 48, 77, -25, -1, 1369, 63, 18, -18, -6, 32, -27, -2, -45, -35, -15, 16, 82, 8, 82, -18, 38, -1, -50, 12, -33, -27, -1, -37, 6889, 94, 78, -49, -45, 63, 3481, 20, 5329, 81, -3, 77, -30, 6889, 27, -10, 55, 6241, 100, 24, 34, -1, 32, 10, 35

Задание 3б: нечётные по возрастанию, чётные по убыванию
Результат: -49, -45, -45, -45, -43, -43, -37, -37, -35, -33, -31, -27, -27, -25, -15, -15, -15, -11, -9, -7, -5, -3, -1, -1, -1, -1, 13, 13, 25, 27, 33, 35, 37, 39, 43, 51, 55, 59, 63, 63, 63, 73, 73, 75, 77, 77, 77, 79, 81, 83, 83, 83, 97, 97, 99, 99, 100, 100, 96, 94, 86, 82, 82, 78, 68, 66, 64, 48, 46, 40, 38, 34, 34, 32, 32, 24, 20, 20, 18, 16, 14, 12, 12, 10, 8, 4, -2, -2, -6, -10, -18, -18, -18, -24, -24, -30, -30, -30, -36, -50

Задание 3в: уникальные числа в диапазоне [-15; 30]
Результат: -15, -11, -10, -9, -7, -6, -5, -3, -2, -1, 4, 8, 10, 12, 13, 14, 16, 18, 20, 24, 25, 27
